object frmProizvod1: TfrmProizvod1
  Left = 0
  Top = 0
  Caption = 'Panelna vrata'
  ClientHeight = 480
  ClientWidth = 640
  FormFactor.Width = 320
  FormFactor.Height = 480
  FormFactor.Devices = [Desktop]
  DesignerMasterStyle = 0
  object Label1: TLabel
    Position.X = 264.000000000000000000
    Position.Y = 232.000000000000000000
    Size.Width = 177.000000000000000000
    Size.Height = 81.000000000000000000
    Size.PlatformDefault = False
    Text = 'ee bre'
    TabOrder = 0
  end
end
